network	 Barcelona
nb_projects	 20
links_affected
0 	 45 	(312, 307);(315, 312);(276, 290);(271, 327);(327, 331);(346, 326);(295, 297);(314, 315);(326, 327);(335, 331);(297, 299);(300, 316);(295, 296);(327, 290);(297, 295);(270, 299);(276, 314);(315, 314);(314, 276);(271, 290);(312, 305);(299, 297);(289, 270);(314, 316);(290, 289);(307, 312);(315, 305);(270, 271);(296, 295);(300, 299);(316, 314);(316, 300);(299, 300);(327, 276);(311, 307);(331, 327);(296, 300);(311, 316);(312, 315);(316, 311);(290, 276);(305, 312);(307, 311);(331, 335);(300, 296);
1 	 54 	(636, 645);(633, 644);(622, 883);(742, 700);(265, 264);(873, 886);(264, 265);(622, 623);(623, 622);(631, 646);(742, 1018);(646, 624);(634, 635);(251, 891);(635, 1019);(651, 740);(740, 742);(636, 650);(873, 879);(644, 635);(623, 636);(636, 623);(635, 644);(645, 1018);(645, 700);(261, 887);(740, 735);(650, 636);(646, 260);(259, 258);(635, 634);(265, 259);(258, 887);(623, 646);(259, 265);(258, 259);(260, 898);(264, 891);(646, 623);(259, 1019);(624, 646);(260, 646);(265, 258);(700, 650);(743, 742);(254, 887);(644, 622);(633, 634);(631, 899);(646, 631);(743, 735);(260, 259);(645, 636);(259, 260);
2 	 54 	(211, 233);(217, 223);(220, 221);(230, 224);(225, 228);(232, 229);(232, 233);(210, 211);(209, 208);(226, 238);(212, 209);(225, 222);(228, 235);(226, 539);(208, 209);(227, 229);(211, 210);(222, 225);(217, 222);(227, 236);(229, 227);(231, 237);(226, 235);(224, 230);(228, 227);(223, 217);(221, 218);(210, 212);(221, 230);(224, 216);(208, 277);(232, 231);(219, 223);(208, 211);(210, 469);(222, 217);(227, 603);(217, 220);(218, 210);(223, 220);(229, 232);(216, 221);(230, 231);(211, 208);(217, 216);(231, 230);(216, 217);(229, 597);(219, 222);(211, 237);(224, 228);(225, 234);(216, 224);(228, 225);
3 	 54 	(357, 425);(356, 423);(282, 279);(201, 456);(425, 279);(274, 282);(279, 288);(279, 282);(287, 354);(288, 287);(354, 345);(416, 355);(345, 387);(360, 357);(358, 357);(355, 345);(207, 215);(354, 425);(360, 428);(202, 204);(386, 353);(359, 356);(409, 410);(215, 207);(356, 355);(279, 428);(274, 360);(416, 387);(345, 355);(355, 356);(356, 417);(353, 287);(411, 416);(387, 386);(298, 274);(282, 360);(357, 345);(204, 203);(282, 298);(345, 354);(386, 354);(387, 410);(282, 274);(410, 411);(272, 202);(203, 456);(414, 419);(359, 358);(355, 358);(207, 201);(358, 429);(409, 386);(288, 279);(425, 428);
4 	 36 	(430, 426);(361, 430);(438, 439);(432, 361);(439, 284);(436, 362);(430, 431);(294, 283);(432, 435);(433, 434);(362, 432);(280, 283);(436, 363);(440, 441);(284, 283);(283, 284);(430, 362);(275, 284);(283, 280);(431, 436);(488, 449);(435, 433);(433, 280);(363, 440);(437, 434);(281, 284);(434, 362);(283, 437);(435, 432);(441, 281);(362, 434);(431, 449);(434, 432);(488, 436);(362, 438);(284, 281);
5 	 54 	(459, 464);(205, 214);(457, 507);(394, 395);(214, 205);(415, 393);(348, 444);(454, 213);(349, 395);(458, 505);(213, 454);(393, 421);(391, 342);(392, 443);(422, 421);(395, 493);(460, 803);(214, 468);(394, 392);(390, 391);(454, 455);(459, 453);(214, 475);(454, 513);(455, 454);(458, 460);(392, 390);(460, 348);(455, 520);(459, 499);(455, 471);(453, 459);(422, 394);(396, 422);(393, 394);(392, 391);(396, 464);(395, 396);(391, 393);(444, 504);(451, 495);(349, 392);(205, 206);(213, 214);(444, 349);(451, 491);(457, 490);(415, 342);(453, 468);(421, 474);(206, 213);(453, 475);(454, 475);(443, 444);
6 	 54 	(715, 819);(501, 473);(762, 793);(500, 472);(649, 885);(718, 717);(679, 677);(674, 675);(762, 766);(762, 775);(666, 717);(649, 665);(741, 680);(717, 674);(677, 741);(762, 865);(866, 778);(472, 462);(762, 817);(675, 676);(679, 680);(676, 715);(472, 509);(676, 777);(716, 718);(508, 509);(683, 738);(473, 819);(684, 679);(761, 781);(649, 683);(716, 676);(866, 665);(680, 679);(684, 683);(762, 813);(462, 450);(649, 679);(500, 503);(761, 868);(665, 677);(674, 778);(718, 678);(473, 461);(461, 508);(676, 716);(741, 666);(508, 462);(715, 501);(509, 473);(666, 678);(665, 649);(675, 718);(679, 649);
7 	 54 	(653, 706);(702, 704);(637, 638);(701, 702);(655, 629);(638, 637);(642, 641);(704, 652);(647, 656);(647, 753);(656, 654);(704, 707);(641, 642);(630, 628);(629, 628);(632, 637);(656, 709);(632, 924);(637, 713);(625, 641);(641, 625);(625, 629);(637, 632);(625, 653);(661, 754);(630, 629);(672, 661);(628, 630);(630, 632);(628, 642);(655, 712);(654, 704);(648, 647);(626, 658);(653, 712);(632, 630);(706, 652);(626, 638);(638, 626);(658, 756);(658, 672);(702, 751);(628, 643);(642, 628);(672, 711);(653, 625);(654, 751);(655, 708);(629, 625);(648, 710);(652, 701);(661, 647);(629, 653);(629, 632);
8 	 54 	(913, 943);(613, 612);(592, 611);(617, 616);(673, 720);(664, 591);(616, 617);(595, 591);(615, 613);(916, 934);(600, 609);(591, 595);(705, 640);(659, 673);(917, 935);(614, 613);(614, 616);(911, 926);(673, 750);(914, 912);(913, 920);(915, 943);(917, 937);(591, 594);(612, 611);(750, 757);(913, 1008);(615, 616);(912, 914);(618, 617);(594, 640);(914, 931);(757, 705);(617, 618);(616, 615);(914, 946);(916, 915);(613, 609);(720, 595);(914, 917);(617, 614);(592, 946);(915, 916);(916, 932);(917, 914);(673, 664);(664, 594);(616, 919);(912, 937);(640, 659);(600, 612);(612, 592);(912, 942);(591, 945);
9 	 35 	(910, 950);(988, 997);(989, 988);(988, 989);(985, 952);(984, 982);(982, 991);(1010, 951);(991, 996);(997, 999);(990, 950);(991, 982);(907, 897);(996, 991);(900, 897);(900, 990);(951, 1010);(990, 984);(996, 907);(952, 958);(907, 900);(982, 984);(998, 989);(984, 988);(952, 985);(985, 950);(951, 952);(950, 990);(982, 985);(988, 996);(999, 998);(952, 951);(952, 982);(958, 952);(950, 958);
10 	 32 	(1020, 306);(306, 301);(293, 292);(278, 310);(292, 293);(310, 278);(304, 1020);(302, 303);(303, 302);(309, 308);(302, 304);(308, 309);(292, 291);(308, 306);(291, 292);(303, 304);(310, 309);(306, 310);(1020, 304);(278, 273);(302, 301);(273, 278);(306, 1020);(304, 302);(301, 302);(309, 310);(278, 292);(310, 306);(301, 306);(304, 303);(306, 308);(842, 322);
11 	 54 	(959, 906);(901, 905);(953, 957);(894, 896);(922, 948);(639, 947);(901, 909);(927, 922);(904, 905);(928, 927);(953, 949);(957, 953);(959, 949);(927, 928);(959, 960);(953, 956);(923, 925);(925, 923);(906, 904);(1011, 959);(902, 903);(908, 909);(1005, 955);(949, 959);(956, 953);(948, 955);(1005, 928);(948, 922);(957, 956);(947, 1011);(956, 957);(955, 1005);(904, 903);(948, 947);(902, 908);(947, 948);(1011, 1012);(955, 957);(906, 959);(949, 953);(906, 901);(957, 955);(901, 906);(955, 948);(954, 957);(928, 1005);(909, 901);(925, 1013);(922, 927);(896, 902);(903, 639);(957, 954);(905, 908);(947, 1013);
12 	 54 	(378, 347);(320, 340);(323, 320);(328, 1014);(329, 328);(328, 320);(352, 377);(371, 398);(398, 397);(350, 351);(347, 446);(351, 350);(397, 372);(330, 323);(334, 325);(318, 334);(445, 350);(350, 329);(351, 398);(328, 330);(347, 371);(339, 367);(339, 1014);(350, 339);(340, 399);(398, 445);(399, 347);(334, 319);(352, 341);(377, 383);(399, 340);(347, 399);(340, 351);(319, 334);(399, 351);(340, 352);(372, 371);(340, 325);(325, 323);(318, 332);(339, 329);(445, 339);(344, 378);(325, 334);(334, 332);(325, 340);(371, 399);(377, 378);(320, 329);(351, 340);(329, 339);(383, 341);(339, 350);(344, 383);
13 	 54 	(840, 845);(839, 826);(832, 846);(333, 324);(821, 840);(838, 820);(839, 848);(333, 317);(826, 839);(820, 826);(823, 830);(821, 832);(830, 821);(840, 821);(835, 821);(324, 333);(824, 825);(831, 827);(836, 822);(832, 324);(822, 828);(824, 821);(820, 827);(840, 847);(830, 847);(833, 825);(835, 845);(820, 831);(840, 843);(828, 822);(822, 837);(831, 826);(821, 830);(836, 823);(824, 1016);(836, 824);(833, 832);(838, 837);(837, 835);(823, 836);(832, 833);(827, 820);(826, 820);(317, 841);(839, 845);(830, 823);(317, 333);(825, 833);(822, 838);(836, 835);(840, 850);(826, 838);(827, 828);(821, 824);
14 	 54 	(338, 448);(767, 765);(769, 771);(338, 364);(771, 758);(764, 791);(336, 834);(336, 758);(760, 782);(365, 338);(786, 787);(336, 1017);(337, 336);(770, 773);(779, 787);(365, 448);(786, 769);(772, 810);(786, 758);(767, 772);(768, 366);(783, 768);(364, 779);(765, 760);(758, 779);(772, 767);(772, 769);(768, 790);(366, 369);(369, 768);(366, 338);(759, 765);(758, 336);(338, 337);(366, 365);(448, 338);(769, 772);(758, 786);(784, 768);(787, 788);(364, 758);(771, 974);(759, 772);(782, 764);(758, 364);(770, 789);(771, 759);(769, 786);(364, 338);(767, 791);(779, 783);(783, 366);(765, 975);(787, 769);
15 	 54 	(551, 521);(516, 476);(522, 529);(553, 552);(548, 529);(552, 553);(550, 567);(554, 726);(529, 549);(552, 558);(555, 554);(521, 527);(528, 548);(530, 568);(524, 536);(555, 535);(524, 657);(536, 588);(523, 530);(535, 589);(528, 563);(522, 552);(548, 551);(522, 551);(535, 555);(510, 564);(549, 550);(551, 556);(552, 522);(510, 502);(529, 565);(521, 528);(521, 555);(536, 589);(535, 559);(551, 522);(553, 523);(553, 550);(549, 552);(521, 551);(554, 521);(550, 530);(535, 721);(523, 581);(536, 561);(523, 553);(555, 521);(521, 682);(530, 541);(527, 521);(536, 524);(527, 528);(530, 523);(476, 568);
16 	 52 	(412, 413);(375, 374);(809, 808);(343, 404);(370, 400);(808, 809);(412, 385);(447, 375);(400, 401);(403, 402);(809, 800);(376, 381);(404, 405);(381, 447);(406, 442);(381, 405);(375, 373);(408, 407);(400, 402);(379, 384);(380, 447);(389, 388);(401, 403);(406, 343);(382, 405);(404, 376);(380, 381);(447, 381);(785, 403);(407, 413);(405, 381);(800, 785);(388, 442);(385, 380);(407, 385);(800, 388);(385, 384);(373, 370);(403, 404);(401, 808);(368, 400);(785, 808);(343, 785);(405, 406);(402, 376);(382, 406);(388, 343);(381, 407);(376, 375);(402, 373);(379, 380);(405, 408);
17 	 54 	(888, 892);(986, 983);(269, 889);(992, 979);(993, 987);(980, 1003);(981, 995);(257, 979);(889, 980);(983, 986);(268, 252);(986, 1004);(889, 892);(892, 888);(895, 892);(980, 986);(269, 268);(987, 993);(980, 889);(986, 980);(992, 987);(992, 980);(268, 269);(995, 981);(995, 1000);(993, 1000);(979, 992);(983, 1004);(252, 263);(979, 257);(892, 889);(987, 992);(893, 892);(627, 892);(892, 893);(257, 269);(987, 979);(994, 993);(980, 992);(889, 269);(257, 252);(263, 252);(981, 1004);(993, 1003);(892, 627);(993, 994);(269, 257);(979, 263);(979, 987);(980, 1002);(263, 979);(252, 257);(987, 1003);(252, 268);
18 	 45 	(694, 662);(732, 733);(695, 694);(729, 696);(728, 730);(667, 688);(723, 697);(703, 729);(745, 703);(739, 667);(696, 745);(736, 737);(693, 692);(696, 723);(730, 733);(693, 734);(689, 693);(685, 732);(732, 731);(662, 668);(746, 745);(690, 694);(694, 696);(689, 668);(728, 690);(731, 686);(686, 685);(688, 736);(690, 691);(737, 732);(668, 730);(723, 695);(734, 729);(736, 739);(662, 693);(688, 689);(668, 690);(695, 691);(733, 689);(730, 731);(746, 723);(733, 736);(686, 660);(729, 662);(692, 688);
19 	 53 	(859, 858);(255, 253);(874, 965);(961, 963);(961, 858);(853, 860);(964, 859);(255, 881);(881, 255);(963, 860);(256, 266);(858, 857);(266, 255);(249, 248);(248, 249);(250, 255);(857, 858);(1009, 250);(266, 256);(871, 872);(964, 961);(253, 262);(267, 871);(965, 964);(262, 253);(881, 871);(248, 1009);(964, 965);(253, 266);(255, 250);(860, 963);(961, 964);(859, 964);(871, 880);(872, 871);(881, 880);(247, 248);(880, 871);(963, 965);(965, 963);(250, 853);(853, 250);(858, 859);(858, 961);(880, 874);(253, 255);(872, 853);(963, 961);(860, 872);(1009, 248);(248, 247);(250, 1009);(871, 267);
